2
1 13
2 1


3
0 8
1 878
2 285
3 8


4
0 2
1 703
2 441
3 23
4 1


5
0 2
1 539
2 546
3 59
4 2


6
1 374
2 652
3 92
4 6


7
1 265
2 725
3 125
4 7
5 1


8
1 189
2 727
3 169
4 32
5 3


9
1 130
2 688
3 233
4 40
5 9


10
1 77
2 671
3 240
4 57
5 9


11
1 54
2 640
3 291
4 75
5 17
7 1


12
1 40
2 588
3 295
4 72
5 21
6 4


13
1 5
2 140
3 85
4 27
5 10


14
1 2
2 134
3 68
4 42
5 10
6 1
7 2


15
1 1
2 108
3 94
4 39
5 13
6 3


16
1 2
2 105
3 86
4 44
5 12
6 7
7 1


17
2 86
3 78
4 58
5 20
6 7
7 1


18
2 59
3 69
4 38
5 11
6 3


19
2 47
3 64
4 36
5 14
6 2


20
2 6
3 4
4 8
5 4
6 2


21
2 40
3 63
4 36
5 22
6 7
7 6


22
2 52
3 50
4 32
5 23
6 5
7 2
8 1


23
2 24
3 55
4 31
5 25
6 10
7 1
8 3


25
2 1
3 4
4 5
5 2


27
2 1
3 4
4 2
6 3
7 1


28
3 1
4 1
5 1


29
2 1
3 1
4 3
5 1
6 1


30
3 4
4 3
5 1
6 1
7 1