1
0 4
1 4


2
0 13
1 163
2 4


3
0 41
1 1463
2 128


4
0 20
1 1450
2 171


5
0 3
1 1349
2 292
3 3


6
0 2
1 1140
2 391
3 2


7
0 1
1 945
2 463
3 4


8
1 853
2 511
3 5


9
1 724
2 635
3 3


10
1 678
2 661
3 8


11
1 520
2 700
3 9


12
1 367
2 605
3 11


13
1 166
2 339
3 10


14
0 1
1 124
2 352
3 11


15
1 103
2 284
3 9


16
1 91
2 310
3 6


17
1 66
2 314
3 5


18
1 52
2 283
3 10


19
1 39
2 191
3 5


20
1 13
2 131
3 12


21
1 19
2 203
3 12


22
1 8
2 205
3 14


23
1 6
2 105
3 4


24
2 6


25
2 8
3 2


26
2 5
3 1


27
2 8
3 2


28
2 5


29
2 7


30
2 7