16864
17472
18426
18679
17484
18413
18909
18927
19088
18638
18000
19307
17580
17743
17932
17957
18746
18005
15363
15373
15430
15406
15213
20697
19528
19802
19915
19823
16898
16845
16867
18199
19089
18719
16292
16685
16732
16433
16734
17709
17580
16615
18891
19078
18642
17058
18634
16884
20141
16944
18611
18349
16630
19919
18708
18673
19068
18898
17750
19002
19024
18256
15114
18052
17420
16883
18224
18009
18846
16715
16724
16940
15623
17568
17815
16219
16435
17928
17094
15599
17144
18535
18853
17081
17511
16105
19222
15918
18051
16798
15102
17302
16674
17917
19385
17008
17274
17392
17574
17484
17878
18923
18247
18291
17363
17917
13020
12771
16555
17828
18408
18013
14444
15046
15316
15192
15506
16359
16586
15511
15232
16665
17339
17661
17842
15823
15127
16229
14755
13639
13916
14348
19930
19578
17569
15321
10718
9594
13373